t0 = 0;
t1 = 20;
z0 = 0
DZ()